2 4
2 1
1 4 2 3
3 3
10 2 5
1 1 6
10 10
1 2 3 4 5 6 7 8 9 10
1 2 3 4 5 6 7 8 9 10
8 6
3 1 4 1 5 9 2 6
2 7 1 8 2 8
8 15
3 10 5 16 8 4 2 1
11 34 17 52 26 13 40 20 10 5 16 8 4 2 1
3 5
4 3 4
7 1 7 5 3
9 8
8 3 7 7 5 9 5 7 3
8 2 5 3 1 6 5 3
5 7
8 9 3 9 1
8 8 5 1 9 2 4
8 2
4 7 8 4 9 4 2 8
3 1
7 5
7 9 4 3 6 3 8
2 4 7 3 7
7 7
2 9 1 2 6 1 8
7 7 8 3 5 6 9
4 3
8 8 8 6
1 3 9
4 7
1 8 6 1
5 4 2 1 3 5 4
5 1
6 8 5 9 2
6
2 2
4 7
4 6
92 100
554 864 209 362 530 470 869 128 366 167 798 521 799 512 719 314 317 403 441 517 898 150 619 503 783 342 976 269 268 546 693 763 784 534 172 536 767 983 835 327 335 993 123 426 555 973 291 181 273 247 160 656 856 833 527 575 108 678 961 258 278 234 795 445 626 235 678 806 629 986 917 366 859 171 266 433 610 295 759 711 852 520 771 434 359 557 13 350 217 668 506 820
114 620 615 764 723 690 499 475 418 317 905 733 133 138 806 215 756 876 791 729 749 694 251 574 699 220 683 380 472 349 124 41 240 489 149 353 78 375 480 436 463 808 258 179 311 609 593 54 450 165 211 397 906 144 537 605 369 755 36 112 429 444 629 46 927 288 432 164 101 354 183 991 610 98 417 52 562 985 650 276 946 92 694 659 232 601 125 828 864 325 688 698 656 816 958 498 189 592 64 236
94 92
399 906 386 327 10 682 302 687 768 696 376 909 630 369 691 80 651 531 675 597 380 13 777 857 740 520 758 444 628 180 958 711 785 465 269 366 195 878 907 345 84 150 376 933 316 621 132 574 862 428 126 839 11 901 404 407 383 629 83 397 413 440 390 275 79 132 770 556 627 769 246 821 570 881 713 698 874 482 509 680 489 222 619 810 665 829 990 657 56 879 359 686 533 435
169 77 482 304 721 242 558 981 931 464 76 3 408 187 633 206 449 864 694 596 243 964 551 541 429 492 200 425 844 626 604 96 372 94 524 247 903 90 833 626 693 880 9 359 816 753 745 254 396 394 799 144 299 871 783 566 344 899 153 775 452 180 913 224 813 836 664 428 754 938 855 185 145 186 497 542 74 970 702 74 81 600 476 263 466 735 980 541 257 922 847 459
99 97
817 376 105 674 775 182 22 381 6 443 991 432 28 474 526 317 691 280 431 791 900 195 690 376 725 40 202 910 530 545 776 622 651 234 250 955 876 765 978 248 340 27 576 755 625 137 993 823 487 345 558 727 533 381 856 214 910 944 228 410 750 795 309 161 794 453 157 926 345 894 119 305 580 418 776 583 118 563 292 857 287 471 491 246 264 384 647 925 714 765 87 961 542 184 621 57 612 265 619
57 364 576 307 168 96 343 838 79 787 243 290 156 845 297 360 219 621 402 818 366 280 175 789 574 913 126 239 576 632 36 228 512 618 454 523 835 558 910 732 728 971 691 463 280 790 352 397 939 438 722 154 402 872 703 982 28 216 174 632 202 898 177 477 825 279 604 863 150 609 776 512 369 948 4 843 959 756 271 43 500 273 984 211 765 83 754 830 921 875 867 5 93 546 193 204 973
94 97
438 536 290 580 200 542 771 174 168 353 697 894 164 767 102 312 897 887 800 257 458 740 431 983 170 828 990 744 960 18 907 260 283 92 95 431 871 198 928 222 975 731 272 941 306 547 539 739 707 879 390 21 94 10 700 19 317 411 617 337 149 928 608 966 170 274 614 323 782 967 850 887 128 725 861 597 480 983 678 977 200 419 703 47 87 496 165 647 597 325 735 908 48 37
192 545 422 696 792 881 45 632 915 120 854 906 129 676 940 90 315 995 25 927 440 534 391 757 783 378 794 776 361 123 68 58 984 701 298 474 674 462 172 394 858 452 620 821 141 97 23 337 844 393 320 108 732 816 492 210 448 809 593 527 165 430 247 936 530 164 166 902 36 58 594 849 43 982 623 87 892 821 948 639 624 210 758 982 395 150 685 394 945 811 548 383 415 871 255 957 563
92 94
250 518 276 907 954 394 45 748 668 56 361 740 250 436 243 96 486 233 415 580 902 591 286 461 254 910 915 823 92 48 389 585 760 811 733 63 136 496 390 993 849 458 720 683 371 177 563 178 481 528 251 174 237 396 986 212 823 419 463 218 325 393 769 788 983 366 346 305 771 609 932 818 209 77 467 61 8 533 713 247 856 508 710 223 224 759 895 545 795 845 652 122
246 221 100 383 900 970 860 577 601 746 681 523 933 863 252 691 734 228 973 605 601 683 342 526 861 188 294 578 609 113 113 697 639 939 461 774 381 878 746 571 847 725 922 671 540 904 470 644 710 810 781 795 789 905 472 541 74 780 171 89 812 141 799 604 368 463 482 694 298 827 624 958 101 996 918 568 697 234 924 389 212 739 855 168 315 645 324 387 937 599 993 826 306 665
96 92
800 812 432 775 408 290 576 648 494 907 802 362 654 1 691 9 407 813 558 967 474 609 37 152 284 838 701 456 939 969 814 12 997 701 118 301 467 862 42 273 383 394 495 24 207 502 810 884 918 585 125 422 357 364 742 264 677 779 359 827 420 233 787 931 595 507 942 416 738 440 732 41 698 867 69 639 738 743 652 390 27 473 772 822 707 942 423 837 351 244 92 806 856 866 554 213
70 847 809 166 553 799 479 2 109 869 804 772 876 643 839 369 979 418 368 769 799 246 662 878 771 823 529 79 901 892 283 27 837 425 325 545 574 202 736 286 723 471 468 331 503 283 90 299 59 837 148 991 653 186 776 839 387 445 554 548 166 100 186 957 204 136 579 438 787 425 218 542 971 628 50 681 487 507 523 748 314 171 606 534 681 592 48 265 387 45 198 295
91 98
385 96 742 95 929 275 586 479 673 711 677 9 787 193 365 582 984 722 475 747 546 899 775 581 197 835 618 912 776 115 673 182 2 126 877 670 492 178 653 106 903 418 233 974 973 298 307 882 65 213 296 218 338 184 728 249 428 252 683 781 87 623 553 92 266 111 41 555 164 790 913 756 236 794 976 181 795 172 846 384 554 867 555 516 518 664 679 121 885 504 104
660 589 982 853 552 905 116 568 788 287 984 832 444 885 2 144 898 521 213 648 311 450 19 61 495 482 700 64 255 953 667 775 618 213 403 119 713 748 476 988 643 865 504 45 266 82 769 321 449 695 479 101 887 494 486 124 30 634 370 315 204 109 492 469 51 672 369 407 265 324 380 232 785 389 302 62 373 204 212 631 540 177 561 560 81 332 627 951 630 517 280 669 998 846 858 166 903 914
97 100
891 690 885 344 838 258 450 628 838 377 270 930 641 511 239 590 821 886 403 494 208 942 832 598 299 492 591 493 312 946 606 352 303 787 772 987 434 895 563 848 747 97 97 879 928 381 941 255 553 263 234 996 76 713 730 503 787 718 89 73 491 644 246 293 263 540 816 617 123 860 806 146 318 422 934 1000 1000 23 858 11 891 781 663 981 72 262 199 496 356 343 596 142 577 527 110 85 625
479 875 260 44 546 263 856 450 136 743 226 925 157 241 318 433 531 143 932 811 396 34 905 687 714 55 838 756 168 879 962 251 119 824 960 769 572 639 874 745 527 752 879 324 712 768 77 926 213 981 823 848 408 64 455 611 615 3 491 957 714 261 606 797 935 706 876 424 738 375 754 816 212 553 719 702 44 929 108 599 126 38 748 410 995 348 1000 53 437 259 763 536 919 598 559 226 758 405 778 509
91 91
296 124 161 966 733 145 831 572 199 908 293 155 834 602 605 902 729 89 843 362 671 594 1000 863 823 25 990 631 351 314 60 776 156 714 902 552 412 372 480 249 159 46 896 538 569 315 692 613 227 35 87 330 165 30 821 145 463 448 572 375 31 244 265 420 255 988 912 586 65 499 372 680 883 744 88 582 746 583 500 606 462 824 336 796 678 761 573 847 268 584 548
202 130 676 757 231 111 609 573 928 15 998 740 678 952 421 56 790 509 971 667 224 743 832 529 305 355 646 921 415 488 814 74 994 39 801 631 682 28 462 540 483 694 386 512 23 668 186 876 611 771 282 798 968 837 705 157 887 451 222 245 885 25 60 766 554 540 389 151 293 30 886 230 176 130 701 309 749 456 434 330 630 821 30 183 550 504 805 400 662 171 946
96 95
850 579 393 756 75 610 255 896 902 80 644 759 796 42 80 103 687 370 319 644 75 60 116 164 786 176 143 220 555 491 677 349 463 468 687 166 371 420 947 387 196 442 893 742 821 335 438 748 982 241 850 475 575 282 753 967 816 22 693 605 733 599 228 458 109 167 950 299 838 791 11 791 271 674 706 103 474 868 518 922 594 15 752 441 114 482 155 475 804 721 712 482 918 208 798 299
591 633 378 111 699 770 192 906 404 608 880 133 432 496 308 522 918 268 918 397 779 966 983 672 850 446 329 760 913 971 784 184 671 352 666 76 682 907 510 599 412 41 155 756 883 717 815 769 174 388 403 589 383 990 68 392 389 828 889 516 563 839 61 58 338 794 610 927 880 534 840 262 680 334 644 169 489 28 210 339 878 437 428 696 754 371 725 625 257 758 850 72 434 554 701
94 93
445 179 369 667 645 668 391 883 650 272 837 36 723 730 787 703 92 474 766 157 851 543 708 867 453 418 666 804 899 156 523 342 624 867 580 717 436 672 326 602 642 674 234 428 625 384 426 847 404 470 527 542 465 467 857 25 154 295 951 765 20 346 390 589 788 113 16 340 537 430 857 530 543 948 539 448 503 503 10 837 461 252 351 350 681 978 312 649 600 804 534 758 962 542
650 44 760 89 573 199 752 416 11 312 210 871 314 220 31 448 25 187 562 72 949 811 494 664 509 760 780 610 995 578 499 315 811 747 290 82 345 121 522 814 658 799 363 205 78 486 422 674 3 126 192 884 932 717 945 757 582 136 940 851 919 345 563 940 863 135 939 783 303 246 433 85 251 450 114 659 433 608 982 196 196 844 117 276 506 602 741 864 259 990 665 691 570
92 91
573 661 217 510 91 674 771 777 476 358 638 424 707 228 466 838 198 430 534 662 533 101 164 416 402 614 879 478 96 261 760 733 750 419 135 774 1 633 353 357 136 510 35 244 600 439 802 185 420 165 348 667 242 611 766 316 69 49 493 527 952 403 842 720 322 374 687 172 289 285 600 457 108 557 935 40 590 853 894 640 417 732 248 490 305 367 546 546 125 71 406 48
32 475 165 642 681 421 58 388 968 799 365 747 167 383 708 920 171 611 518 91 234 675 49 820 952 193 372 75 939 4 254 176 931 73 60 71 154 782 201 894 873 246 971 585 741 896 643 594 944 302 738 142 155 649 433 908 85 598 775 259 926 524 423 128 482 307 402 80 218 114 379 755 880 344 437 616 949 601 439 806 889 71 508 229 304 397 373 973 390 89 854
94 98
799 909 89 684 578 617 640 769 288 135 751 40 356 274 618 251 228 846 419 260 754 873 431 306 709 641 235 977 124 463 537 647 144 977 670 841 511 32 276 460 513 213 150 554 480 243 939 485 322 445 754 418 518 886 999 276 178 655 657 77 662 579 854 809 681 995 726 247 906 349 755 288 86 951 970 921 372 428 125 575 402 319 192 115 650 204 577 344 811 636 686 670 320 360
100 609 394 869 784 737 687 130 498 487 415 159 273 589 135 726 900 244 253 60 177 463 29 986 820 309 323 94 676 357 870 928 685 116 196 647 699 134 773 435 372 312 272 942 295 136 319 940 508 697 927 514 349 184 754 275 882 974 506 544 51 284 912 242 776 619 185 915 74 420 278 982 729 353 792 612 793 842 572 213 758 481 505 364 540 173 487 508 531 312 535 755 767 142 740 117 289 955
91 90
365 256 309 953 180 28 188 521 629 663 118 728 104 441 674 212 906 777 435 640 709 496 302 255 130 216 966 687 408 752 344 213 33 412 730 553 873 810 487 723 618 680 753 346 411 177 362 791 181 911 658 953 677 993 894 619 511 124 234 284 946 31 791 291 154 908 62 293 73 828 749 880 859 224 17 165 963 573 372 69 658 265 483 88 110 525 71 698 926 303 238
109 570 611 703 900 809 525 147 961 518 881 608 957 46 796 163 579 359 887 258 489 139 565 133 296 758 482 891 719 355 520 203 234 918 555 1000 581 485 415 672 917 446 817 299 589 32 20 80 178 660 630 314 722 284 4 252 707 898 307 598 152 291 754 627 690 114 402 732 363 707 257 288 989 139 525 668 252 71 360 101 677 855 456 820 767 257 394 768 644 308
100 99
601 577 2 808 341 811 728 190 351 681 206 842 761 477 343 985 656 359 227 872 915 735 796 475 531 223 124 886 496 976 32 50 257 217 641 889 447 844 850 829 91 600 638 730 71 330 790 958 707 287 490 279 770 989 624 954 243 255 757 548 206 543 905 223 857 150 131 638 577 711 473 947 652 735 115 175 835 647 848 534 606 231 902 900 879 924 22 700 95 439 630 793 134 34 570 576 79 657 724 992
293 978 86 984 594 788 708 937 793 395 391 978 984 538 159 695 799 410 696 828 324 377 355 272 48 395 754 944 770 908 114 810 354 60 830 46 910 638 266 965 632 73 590 571 259 378 638 13 503 133 106 961 359 129 856 161 828 19 448 243 165 762 784 151 940 216 191 980 963 541 278 723 198 729 177 466 502 1000 933 959 903 5 102 51 868 996 803 242 902 448 944 644 903 97 152 944 321 712 123
90 100
571 91 404 90 476 789 880 575 480 426 739 207 242 766 912 76 522 822 936 394 690 750 224 783 611 182 142 578 821 978 833 177 660 894 514 283 207 264 763 4 507 487 145 340 533 656 518 502 333 169 5 363 866 595 975 45 11 605 585 674 482 350 765 71 118 8 838 768 508 703 371 766 813 314 149 361 259 519 421 433 115 64 641 636 44 959 220 228 194 848
133 294 34 257 263 838 419 715 697 820 262 961 678 422 43 131 104 401 944 683 2 838 892 602 247 205 336 851 647 298 352 827 917 469 480 182 223 910 377 220 312 367 316 548 159 446 764 855 8 691 272 582 635 546 35 799 167 816 760 899 329 341 158 45 745 315 48 145 613 905 522 594 55 18 3 720 30 867 455 982 164 873 331 478 752 144 825 529 286 530 845 36 259 65 276 113 726 338 528 405
99 100
724 207 379 12 918 256 228 410 451 878 755 581 867 123 523 943 27 807 178 831 810 33 676 104 989 705 355 260 301 597 514 436 466 967 641 826 304 336 7 928 576 623 799 419 419 61 303 403 773 234 680 852 298 744 996 887 538 846 705 796 932 968 528 148 138 709 395 797 956 986 975 793 208 730 344 250 129 852 228 101 691 747 684 392 218 575 932 922 344 442 368 369 165 577 930 625 947 73 505
934 476 466 527 903 516 33 315 275 288 99 350 433 364 920 146 75 616 427 746 632 428 353 991 914 567 819 576 701 396 776 665 547 390 3 642 801 205 419 246 231 337 698 624 305 352 753 991 987 187 480 365 27 967 581 759 494 75 460 905 390 725 294 800 70 618 715 30 746 50 877 927 996 551 939 278 418 774 842 840 105 509 537 502 342 649 422 924 418 456 814 955 874 174 749 56 785 398 404 331
90 90
126 85 423 213 568 593 522 156 224 275 237 862 327 302 153 352 680 308 647 274 978 4 537 14 422 221 683 808 811 573 551 178 41 148 603 550 173 748 396 162 435 759 808 753 301 515 682 302 628 478 811 340 302 353 299 299 359 747 70 455 176 398 6 705 352 187 394 239 795 800 225 861 678 65 327 737 823 881 67 851 119 163 771 7 10 522 857 12 206 512
835 888 201 94 211 36 862 449 452 972 492 953 323 863 602 371 259 56 726 324 29 409 795 664 23 607 768 891 873 137 840 164 674 599 804 816 670 352 216 446 186 793 647 337 822 313 472 412 562 540 412 913 114 351 104 617 823 729 122 726 871 657 212 122 292 694 348 205 892 113 987 297 495 788 162 352 504 38 565 608 60 168 796 195 743 483 293 556 419 441
96 98
192 474 757 468 244 809 911 102 238 990 859 717 522 403 418 459 103 78 956 430 615 500 686 354 4 9 949 945 526 262 139 888 620 290 476 699 284 237 559 756 989 338 255 667 463 323 950 765 964 691 81 67 997 994 682 199 134 959 455 94 965 413 471 527 366 106 801 132 525 735 74 973 881 736 478 41 397 609 147 641 958 668 384 76 890 662 265 66 377 873 862 322 212 204 524 553
179 534 970 18 83 17 501 272 232 850 939 759 414 420 182 309 811 674 5 904 394 979 58 742 338 268 775 360 208 3 448 633 14 905 214 576 736 329 911 236 63 58 414 50 179 908 245 456 64 413 587 581 303 451 297 76 473 369 287 391 430 189 984 203 697 183 697 899 743 73 946 916 814 221 207 940 147 218 944 413 366 322 221 1000 367 43 442 729 381 576 675 209 254 990 82 741 997 343
98 92
369 287 603 955 424 814 443 979 29 683 502 13 393 517 656 111 617 688 56 23 404 22 305 594 450 658 15 934 971 354 363 658 624 742 549 210 147 82 222 704 873 235 115 465 769 843 827 354 895 80 853 174 335 365 467 775 285 679 609 315 76 144 535 122 642 967 395 965 135 669 26 83 588 719 284 575 427 744 299 395 300 862 56 220 360 237 536 143 542 322 601 903 587 832 679 728 658 197
904 670 84 918 414 827 258 195 191 350 524 515 162 509 391 452 863 713 566 648 162 391 533 449 249 603 63 193 47 121 199 557 260 672 636 306 889 994 366 696 510 874 459 394 461 451 230 233 390 405 553 399 406 965 174 42 825 516 112 2 504 990 653 714 567 29 787 344 833 126 451 608 936 434 470 914 109 917 942 967 699 25 349 995 895 113 407 839 952 666 533 126
99 90
401 980 213 89 578 926 296 711 750 683 832 291 415 189 90 682 168 679 121 637 959 128 795 887 18 391 279 380 507 183 25 720 258 355 361 984 184 913 404 644 742 637 359 958 450 305 531 734 199 21 108 539 985 85 309 348 543 845 447 846 944 982 435 651 833 851 843 53 409 581 901 7 286 572 43 171 471 78 724 677 674 963 847 222 80 12 67 658 696 169 131 510 949 883 177 537 121 250 195
180 216 707 855 40 266 956 742 569 895 943 165 432 710 112 109 358 136 17 550 420 141 854 591 222 561 542 125 257 110 980 417 497 917 425 614 584 378 873 97 312 674 58 679 273 947 708 707 412 459 654 251 345 361 7 426 340 47 965 417 336 914 625 948 885 986 694 734 388 946 140 806 552 668 713 557 994 393 878 559 740 283 939 395 564 218 697 853 567 826
94 90
295 115 940 441 550 141 538 318 235 35 451 471 996 599 977 946 566 221 660 544 476 558 973 786 894 350 76 264 651 1000 362 687 415 734 165 963 41 390 58 644 485 280 334 102 130 91 152 58 197 253 619 225 280 318 916 495 663 576 132 768 662 972 164 864 162 472 852 171 710 603 571 948 235 849 34 948 306 65 123 541 645 388 762 686 566 329 969 251 857 347 257 552 448 599
108 565 104 635 734 340 758 150 214 467 154 616 336 423 304 369 946 3 995 206 514 131 323 259 930 84 288 56 513 309 262 247 699 53 680 708 572 424 836 798 346 518 711 77 167 630 822 613 475 468 627 194 952 860 542 344 445 171 727 882 496 976 67 211 30 649 633 741 1000 257 541 530 167 88 502 679 385 26 851 113 568 858 598 970 171 499 331 272 412 602
96 100
666 408 692 321 249 543 673 494 8 942 401 25 636 107 835 770 626 332 119 541 531 588 913 488 822 751 20 405 402 2 445 935 437 323 181 451 805 945 269 620 415 710 822 670 881 566 189 952 959 6 130 923 819 464 14 576 217 687 532 317 38 62 643 174 210 978 615 359 143 856 97 588 793 731 575 993 405 729 336 255 33 368 292 548 830 423 667 282 736 30 49 535 254 901 203 63
410 190 888 855 988 847 944 929 363 493 449 877 564 167 46 941 38 479 338 250 75 234 910 75 101 159 611 962 764 700 862 811 748 234 137 668 935 5 584 733 247 340 896 1000 254 520 825 954 471 418 768 462 917 15 243 122 301 846 776 701 785 913 535 297 11 734 326 198 619 853 526 203 129 259 235 567 633 117 595 879 887 545 769 437 521 540 71 509 845 978 630 919 601 995 836 116 339 193 963 984
99 92
895 854 672 341 412 628 753 670 267 743 157 274 166 894 759 818 234 156 786 562 868 496 204 4 255 910 926 181 457 253 527 57 799 779 473 529 707 546 390 781 54 285 665 733 750 89 308 748 261 991 114 189 1000 486 156 712 33 858 649 46 122 558 106 729 122 961 462 436 410 957 811 104 167 573 601 83 49 558 422 138 188 829 743 3 958 532 840 173 51 61 539 509 651 296 932 111 351 647 236
3 293 469 216 284 142 128 846 819 545 688 645 345 305 276 482 722 844 27 930 546 771 406 168 905 794 450 942 466 73 339 5 238 417 599 357 14 960 130 574 122 509 397 962 280 367 295 190 789 416 640 631 992 402 716 653 274 498 603 653 882 656 428 891 904 235 581 758 92 309 504 468 674 21 975 907 345 179 338 117 570 519 173 709 753 737 722 118 778 958 984 716
98 95
29 20 740 961 62 347 569 241 827 828 150 930 491 200 444 687 246 996 677 749 283 734 900 841 796 890 624 148 939 22 754 55 4 394 933 837 852 941 252 975 760 292 857 582 247 993 499 873 929 399 970 815 390 76 397 715 159 769 838 694 283 853 37 505 548 385 637 149 373 899 173 427 81 308 320 849 473 959 921 816 900 622 983 206 710 484 615 766 263 468 957 277 350 271 210 83 479 161
713 524 606 278 838 966 781 469 490 702 484 552 295 403 143 642 296 156 476 241 923 230 723 719 678 387 827 177 240 366 631 684 741 284 229 591 443 610 855 354 266 516 598 439 209 476 330 398 963 360 675 79 163 519 664 927 575 663 110 360 51 504 808 54 507 465 91 282 237 254 472 761 521 125 161 575 481 70 587 877 155 881 195 416 434 853 659 777 510 69 982 447 617 9 694
92 96
709 806 369 170 156 982 11 366 873 63 420 757 382 973 695 956 403 308 325 379 508 893 448 81 243 639 671 801 432 921 579 74 99 245 900 932 78 134 21 233 756 909 176 515 301 25 913 422 504 425 439 513 109 634 126 863 114 952 447 765 629 274 912 602 233 223 265 323 437 516 183 601 50 909 626 2 165 439 997 64 278 832 501 333 875 192 136 35 859 569 73 325
27 593 109 632 40 83 706 473 944 214 647 887 130 166 843 604 698 871 481 266 58 333 197 980 15 826 72 579 36 342 596 861 667 453 810 746 151 890 719 671 548 174 643 374 116 822 306 169 673 47 684 34 819 973 724 33 906 973 996 758 886 36 349 980 873 164 159 103 120 658 609 982 373 602 786 579 463 431 659 250 120 937 859 289 49 779 992 612 182 730 530 426 746 815 182 995
100 96
915 8 637 824 555 365 742 831 237 738 16 398 511 407 485 769 779 473 816 587 824 90 428 64 838 341 52 458 964 918 433 132 147 753 817 964 259 156 514 945 613 341 446 446 626 313 60 534 628 787 482 252 136 806 686 647 487 158 551 937 941 529 655 13 447 640 80 358 486 27 343 628 701 425 998 294 53 345 549 491 62 210 967 760 206 991 624 745 633 21 85 5 555 990 44 779 112 1 263 137
361 551 912 679 668 853 149 326 921 375 625 403 229 291 748 161 736 115 989 533 114 341 640 946 854 470 850 152 399 141 719 38 156 500 149 774 762 921 20 811 803 577 433 345 249 844 691 553 574 737 741 22 480 702 186 804 678 164 941 415 725 737 704 968 36 565 559 358 135 6 665 474 549 107 161 734 351 957 353 636 397 868 645 224 871 745 481 28 181 672 703 725 1000 26 611 717
98 95
242 71 40 836 506 572 122 187 744 280 676 786 882 906 369 988 614 561 741 743 469 108 886 892 603 626 500 514 733 720 422 460 797 174 233 549 848 258 732 191 566 343 662 931 436 214 75 869 601 170 275 257 796 816 745 205 407 845 650 301 388 215 333 448 124 935 459 325 407 438 526 232 187 207 775 772 284 846 364 179 429 354 565 545 880 878 675 656 92 38 184 425 288 329 776 385 165 675
980 908 214 633 309 282 275 589 295 529 229 269 714 503 311 252 585 853 133 807 165 459 364 82 406 587 896 57 813 782 901 689 134 439 113 677 819 496 925 545 258 644 925 432 997 480 721 721 805 981 591 253 800 282 921 875 449 984 710 686 519 784 760 997 697 430 438 832 896 798 947 960 328 482 990 261 481 473 738 548 584 979 674 110 340 551 384 402 347 208 229 584 298 407 234
91 93
809 78 516 144 148 752 446 66 62 495 609 308 803 795 862 552 763 275 431 747 904 231 574 508 892 804 797 709 148 209 823 345 698 203 472 441 894 751 221 157 236 741 158 890 157 615 787 389 20 970 90 604 702 769 842 876 144 817 626 156 939 795 423 891 507 947 832 173 246 634 169 862 23 22 294 415 728 65 308 102 2 21 997 698 24 128 616 324 585 211 773
524 256 967 973 609 234 211 920 802 180 336 199 818 710 884 874 865 482 819 719 866 248 746 942 631 500 272 744 511 655 431 119 499 819 208 822 350 364 980 934 726 862 592 253 335 446 936 957 303 69 997 467 167 102 921 492 90 747 496 481 244 438 236 61 800 761 535 514 695 413 974 65 247 855 796 588 476 331 726 802 773 412 469 361 715 475 68 648 671 863 817 605 181
96 99
714 222 876 170 227 868 861 283 741 314 673 643 645 618 499 281 74 681 753 447 211 604 241 334 163 650 534 306 29 295 690 222 66 109 410 181 746 913 179 926 197 925 577 992 118 809 596 808 25 347 639 144 436 55 5 636 876 562 660 188 482 390 684 149 270 553 236 474 682 249 727 26 1 79 417 815 584 368 903 240 938 267 547 559 251 766 2 674 157 146 640 602 591 407 629 871
627 642 627 972 386 48 389 648 983 796 789 871 437 688 665 454 182 265 448 535 262 891 950 873 504 537 989 806 204 110 360 597 801 944 644 224 718 372 731 756 108 780 823 95 779 7 812 770 825 441 625 24 411 890 630 593 191 109 428 41 826 548 304 131 833 298 953 163 979 613 648 227 38 541 621 714 692 940 607 887 375 180 96 332 2 677 866 694 807 801 692 535 459 291 170 226 397 29 822
90 93
668 912 171 99 596 901 389 204 683 868 37 55 999 990 338 232 209 386 402 725 906 665 184 109 964 284 675 493 434 555 414 848 514 836 684 964 556 59 249 188 671 198 790 467 419 23 76 385 761 501 602 769 309 342 503 656 100 873 542 940 935 898 425 113 470 352 376 512 454 313 874 809 274 338 420 396 227 667 749 734 93 267 313 137 205 25 418 895 357 573
922 388 10 487 697 567 657 26 621 360 272 599 60 439 441 165 221 624 447 804 975 412 93 842 362 625 690 410 64 545 636 26 336 286 35 223 499 911 906 690 296 770 14 896 777 886 735 955 324 441 465 335 581 276 976 461 189 117 161 638 353 78 469 162 968 890 518 132 595 297 885 614 31 938 547 955 479 930 769 936 441 298 56 242 481 353 63 721 34 547 749 804 503
92 98
719 839 203 328 899 661 605 706 942 551 790 541 467 408 326 694 550 544 961 514 488 607 401 356 781 124 316 443 211 183 521 202 279 167 232 796 456 308 902 370 366 615 72 172 296 215 879 463 987 65 730 787 305 200 963 873 244 214 529 811 324 300 534 642 583 800 238 474 991 274 531 497 454 440 34 76 655 113 899 889 622 651 256 608 130 353 933 209 245 13 64 793
951 625 809 92 302 921 458 770 722 672 782 758 45 704 261 806 719 523 446 380 629 759 538 852 947 87 830 385 871 101 761 56 552 817 66 287 153 50 965 137 566 801 922 966 726 744 290 546 9 259 699 534 96 725 971 215 315 263 895 191 199 646 973 384 353 399 733 561 145 928 994 663 364 165 956 554 703 21 153 505 870 952 696 35 128 848 656 914 301 697 66 629 148 317 608 247 907 14
99 90
313 305 905 164 658 795 561 871 270 818 46 496 193 88 906 906 477 127 218 204 339 527 897 728 827 91 142 934 105 949 202 633 162 762 914 955 429 951 590 922 198 315 899 994 743 537 343 234 939 792 648 591 479 836 879 96 823 81 347 759 782 981 290 569 675 72 788 392 368 518 718 184 620 189 553 279 832 447 538 241 564 228 25 853 760 690 245 381 385 396 572 959 29 161 521 411 611 331 763
525 585 113 124 913 53 969 61 748 98 916 124 588 196 464 871 268 554 402 758 161 763 578 656 177 590 351 992 680 693 732 32 657 756 257 849 50 514 492 783 953 647 467 596 341 946 892 630 119 426 526 268 403 708 219 878 629 310 684 597 544 411 973 815 994 605 909 369 404 181 96 480 913 993 514 630 575 154 806 166 460 517 725 357 931 409 111 821 812 731
90 96
234 653 411 772 530 844 766 387 652 819 20 366 325 113 817 79 677 390 799 792 45 83 532 673 687 5 743 649 381 935 923 147 796 816 272 980 414 423 485 71 509 907 546 214 270 627 751 471 328 472 632 246 893 74 545 459 863 12 1000 986 900 152 536 788 193 810 858 384 56 666 953 352 22 806 590 535 65 655 814 74 51 282 924 63 119 662 955 289 40 328
799 775 409 487 739 79 195 414 892 880 769 739 625 865 840 904 7 408 927 72 911 175 741 781 660 304 346 832 130 627 247 651 365 128 703 465 191 109 601 609 599 803 20 977 731 140 148 695 923 604 647 715 613 666 989 956 773 959 123 113 57 755 429 706 330 747 404 841 634 288 7 748 794 674 312 397 133 283 315 63 565 569 899 951 940 1000 817 103 452 364 561 224 25 945 278 438
96 90
831 482 465 221 544 125 378 707 372 767 490 556 945 310 954 697 94 35 355 875 418 176 459 812 327 843 376 1 759 388 338 657 450 788 379 53 909 383 756 246 893 675 84 910 349 554 904 659 556 384 569 550 355 351 937 244 298 747 958 154 989 989 1000 523 112 724 270 262 928 296 383 326 26 30 799 3 954 788 467 530 333 246 53 356 759 926 124 716 31 234 296 302 593 575 442 185
659 25 789 593 797 678 328 372 789 747 237 136 954 192 503 239 996 24 413 955 497 103 682 167 820 814 846 798 784 744 748 968 531 416 733 534 913 938 14 433 851 341 404 662 265 841 144 511 527 193 164 391 199 724 47 33 632 469 751 753 830 693 63 205 968 303 851 154 430 824 599 325 248 480 46 999 678 696 476 622 308 246 14 410 391 176 717 218 763 660
94 95
660 879 65 921 499 410 654 318 509 404 497 375 453 343 376 950 155 448 633 195 286 321 776 550 335 352 211 261 624 478 221 702 522 902 447 312 698 891 194 489 14 583 749 549 399 236 152 718 58 416 912 269 376 28 192 972 32 929 790 424 837 136 597 315 455 474 138 993 62 523 578 188 445 966 713 69 549 887 631 880 531 274 764 484 288 523 893 525 782 806 968 272 335 451
109 912 625 922 847 952 879 696 363 379 455 864 584 341 851 94 547 640 821 816 918 915 177 352 839 631 370 210 29 105 800 165 181 918 470 464 954 807 91 682 898 813 750 299 32 508 301 948 763 764 828 707 241 151 674 762 942 776 678 826 954 895 803 591 782 284 786 64 7 8 900 193 635 462 700 731 220 667 801 603 806 743 958 452 454 789 142 36 241 852 477 201 16 194 934
94 96
410 101 779 5 531 858 202 374 48 442 7 774 292 315 591 655 611 306 217 301 288 440 238 928 457 208 579 424 782 600 576 24 583 825 235 406 81 493 79 136 280 685 602 616 508 578 885 104 833 885 71 11 616 88 767 185 179 273 222 330 159 432 70 341 239 128 932 26 297 932 956 171 421 495 700 434 73 891 426 844 565 247 898 963 457 652 174 230 811 421 505 345 907 273
654 568 332 383 332 2 176 734 27 477 169 476 892 571 472 205 535 944 984 880 483 170 171 594 911 769 304 993 302 972 317 443 956 467 906 497 814 404 314 884 414 196 117 223 414 43 443 180 86 790 652 672 478 662 699 619 910 850 91 20 302 425 135 116 250 883 44 540 335 263 696 891 553 481 74 896 478 610 961 203 587 431 2 861 929 739 229 84 430 885 270 564 873 427 750 648
100 93
210 811 611 71 390 876 1000 722 130 917 536 756 189 692 538 887 508 405 412 124 79 34 559 278 982 604 30 614 325 166 2 782 180 781 541 97 515 925 170 627 243 870 532 177 608 602 703 715 37 505 503 780 642 486 574 777 722 572 660 287 127 340 163 269 28 911 235 196 903 822 387 441 916 457 384 141 526 357 269 167 332 566 524 726 761 110 98 675 201 227 588 622 704 155 45 394 602 466 725 291
199 897 30 207 401 774 719 267 459 835 394 963 462 952 219 339 588 768 833 536 681 235 595 208 1 227 885 712 145 44 299 686 721 319 888 62 777 896 304 513 581 739 371 192 781 606 290 991 976 516 567 226 609 149 160 521 421 218 807 200 679 418 152 223 526 913 181 332 981 751 11 412 990 817 460 21 79 414 882 311 28 308 972 989 822 233 755 286 965 752 154 866 925
100 93
472 567 809 79 931 863 997 109 556 58 660 409 436 199 581 611 907 825 683 642 403 630 274 181 343 100 852 772 189 51 353 754 982 808 803 47 568 720 806 992 808 298 862 457 615 262 935 622 113 526 19 660 259 292 755 479 284 568 993 173 4 515 39 196 18 76 405 687 644 720 529 504 692 145 880 807 322 441 432 459 346 363 137 991 661 369 928 789 736 593 639 258 183 480 700 90 775 398 240 969
844 844 357 578 887 82 309 839 585 199 317 404 156 835 718 745 177 323 244 333 760 96 401 217 410 246 259 32 899 586 71 77 417 863 371 758 359 132 347 805 736 506 100 785 81 644 154 533 595 291 207 940 957 978 601 127 442 102 153 544 463 835 864 1000 378 590 764 65 57 532 99 440 282 852 252 589 113 59 213 702 294 49 450 967 173 553 712 270 130 119 85 994 54
98 98
509 18 840 416 119 35 198 560 907 338 471 315 759 903 765 580 873 709 623 584 579 691 524 332 79 678 773 130 203 835 20 666 673 490 500 551 516 372 966 213 543 302 466 835 853 955 387 524 335 529 92 803 259 291 902 528 186 46 679 819 788 93 95 727 434 506 191 493 578 552 836 302 90 678 92 599 520 434 582 215 238 120 105 603 892 71 234 279 80 708 143 592 224 554 333 715 735 758
82 955 398 10 716 40 998 702 695 426 583 112 271 506 467 780 15 73 338 605 393 179 961 246 926 949 615 762 983 45 364 18 7 995 197 989 370 346 808 865 950 95 183 105 199 529 317 516 826 62 762 191 973 997 609 331 924 497 597 26 620 313 896 86 576 753 51 598 878 595 269 687 713 407 26 600 520 415 854 230 907 396 59 317 927 184 310 823 529 117 237 974 14 453 634 85 672 702
96 95
318 864 432 931 806 251 425 718 144 230 947 548 190 983 121 900 265 525 401 145 915 49 95 213 466 855 961 307 193 23 560 655 523 309 740 319 153 123 962 665 935 545 422 680 387 954 821 645 209 969 45 43 602 587 14 845 578 874 605 756 173 711 308 432 861 315 476 889 158 511 593 522 408 50 231 89 438 994 116 425 286 222 10 132 922 97 302 153 61 376 954 14 398 265 409 401
356 203 422 420 220 442 790 259 928 881 752 893 72 518 136 313 19 953 90 559 904 826 185 393 993 168 756 81 284 611 863 426 322 184 606 759 430 483 429 589 6 165 149 513 734 241 923 862 335 910 927 808 7 280 351 302 516 95 803 522 205 506 117 795 200 327 911 512 297 620 55 773 728 656 500 650 900 543 574 313 415 280 134 959 369 115 979 797 392 436 447 831 79 189 228
95 98
312 821 943 800 99 403 450 315 736 612 414 31 143 435 634 674 695 526 469 689 499 528 233 757 901 241 267 998 553 226 47 233 979 777 775 434 970 934 361 664 668 263 512 185 319 766 117 888 11 670 73 884 703 917 883 931 475 922 702 777 62 890 894 952 171 15 122 783 31 326 972 418 49 307 451 134 550 978 670 420 130 55 709 60 336 481 866 669 162 7 835 198 593 377 933
470 487 310 998 58 352 961 736 500 151 320 714 833 867 978 109 304 911 122 359 478 35 271 780 387 55 178 675 767 246 418 826 608 227 517 234 14 511 493 252 133 888 113 142 600 334 410 923 694 87 792 441 229 813 718 946 83 741 303 375 660 801 210 816 355 349 681 724 637 201 269 335 811 198 384 206 95 190 822 26 498 686 19 435 761 432 495 40 439 319 701 770 56 93 963 876 48 522
95 97
419 230 105 944 227 479 165 842 851 787 514 727 528 598 169 104 121 920 607 931 401 697 923 938 533 651 508 167 215 703 793 817 834 216 683 458 104 761 911 207 686 741 264 890 703 573 86 992 423 812 716 108 856 486 261 334 954 672 71 655 199 607 440 518 118 1 787 615 647 189 340 745 508 518 533 376 945 22 544 851 420 835 172 108 485 982 297 420 763 253 770 370 197 67 20
985 808 820 167 731 45 308 83 891 603 689 575 334 309 580 987 887 801 253 435 709 659 540 646 843 117 445 711 126 318 184 411 188 22 694 376 843 954 510 638 441 569 797 303 920 396 677 790 297 838 274 514 633 381 933 84 457 579 437 40 868 971 168 499 421 177 961 912 285 506 107 986 430 1000 934 676 229 418 348 983 910 274 874 324 892 398 535 196 725 573 310 334 486 531 83 738 226
92 98
603 612 225 301 913 885 644 848 625 32 565 511 484 30 347 169 106 207 998 179 763 974 837 613 365 334 824 323 602 483 190 729 153 734 917 498 191 566 33 611 34 75 424 152 321 172 602 22 142 770 514 450 900 240 246 962 530 409 966 780 505 903 651 796 427 747 643 828 7 923 872 530 7 675 26 107 657 323 778 745 856 724 411 497 813 532 496 895 957 246 390 996
691 181 470 414 732 52 50 246 645 187 327 41 893 828 229 907 545 897 141 639 901 866 848 659 590 433 943 994 381 927 941 296 214 885 310 887 274 598 788 568 59 742 856 498 854 590 48 908 716 994 720 90 902 436 114 75 879 244 782 590 314 456 876 440 435 632 588 731 191 441 375 82 575 939 2 440 795 461 787 486 507 873 528 5 433 433 73 543 91 247 907 494 851 246 98 614 220 440
100 94
383 409 249 444 195 815 528 934 822 373 174 763 719 875 885 613 164 174 323 106 930 424 856 910 1 857 435 827 341 161 189 87 325 254 520 314 946 995 843 613 317 277 359 113 530 738 605 809 288 739 23 906 47 420 951 401 662 163 333 863 2 143 78 360 136 529 58 291 33 532 986 231 231 55 117 400 817 390 586 290 984 740 784 396 935 614 792 936 16 880 100 615 549 660 751 647 676 59 217 818
798 656 637 350 621 593 954 33 546 980 677 411 312 67 913 640 39 280 36 214 613 384 650 548 571 764 810 812 553 215 67 334 685 566 820 472 581 193 121 920 554 707 607 797 111 112 941 330 935 43 341 779 848 106 999 229 897 282 569 509 363 995 344 443 200 753 412 528 43 795 963 57 904 224 286 517 429 206 539 957 207 29 700 527 282 750 755 5 46 950 152 17 829 250
94 99
355 948 130 229 538 559 535 8 421 743 98 780 969 646 553 149 812 359 952 547 124 468 874 456 494 735 243 747 32 806 52 533 570 542 718 653 932 937 687 808 15 71 325 880 319 272 796 130 771 91 233 282 726 54 416 49 174 876 111 789 965 951 997 399 220 801 984 698 563 893 109 173 812 863 120 453 197 133 266 570 144 415 610 602 731 881 123 494 625 660 743 665 414 256
188 179 316 825 465 307 87 708 608 450 658 950 283 825 29 630 13 884 66 943 365 767 214 359 732 634 575 656 820 795 171 874 732 863 82 830 915 704 823 694 367 527 836 350 240 482 247 762 917 432 761 93 369 102 984 631 78 697 864 612 899 80 809 971 946 445 789 325 234 638 160 533 818 38 466 96 824 8 201 265 611 107 617 486 627 456 713 509 501 277 594 518 765 392 875 88 672 325 440
99 96
128 834 660 688 555 542 320 177 915 786 410 923 779 312 25 140 2 292 501 806 478 310 396 919 578 954 910 241 213 709 683 242 436 928 287 269 758 703 86 321 864 318 379 233 93 601 797 184 594 698 171 987 411 632 713 744 783 721 401 407 517 740 204 6 698 576 29 460 838 360 684 424 267 329 506 144 528 47 125 358 29 991 728 79 725 553 286 944 939 791 33 971 239 379 292 495 794 883 935
941 182 718 789 218 950 984 742 919 105 650 496 107 471 476 461 496 432 511 583 775 845 658 182 153 80 919 971 143 599 186 883 68 799 347 147 402 226 92 419 504 754 975 945 43 435 381 471 232 936 167 88 565 521 876 776 343 424 19 509 698 292 999 917 525 910 456 481 181 84 106 125 199 503 308 101 885 10 579 654 37 72 112 670 915 758 663 327 857 888 225 347 237 227 684 319
91 90
760 359 767 962 801 531 719 901 32 917 340 601 334 909 657 867 934 630 405 863 183 626 139 410 26 72 590 353 958 676 217 733 30 823 162 685 904 920 866 14 756 176 565 102 433 145 236 795 742 832 773 604 205 11 495 733 747 735 150 18 903 337 510 939 6 264 843 140 921 959 631 794 131 725 899 696 680 653 757 111 951 626 692 298 837 119 532 198 255 288 456
865 898 652 981 107 132 651 830 103 671 738 797 638 525 395 125 267 958 947 296 12 464 893 613 559 152 625 992 358 769 107 78 896 7 298 172 748 215 230 230 39 740 853 811 834 641 10 497 375 755 472 266 199 492 960 301 689 135 374 843 853 143 122 966 204 181 162 953 639 717 835 62 790 296 850 170 437 350 714 607 650 449 645 139 58 21 787 198 648 840
94 97
900 784 304 206 52 409 734 166 21 909 968 755 269 540 228 336 635 355 620 312 509 390 125 877 215 840 210 974 750 862 251 436 399 567 68 873 675 471 410 635 994 133 562 557 253 728 446 979 705 132 497 767 323 694 100 407 638 642 556 658 483 64 808 933 613 934 729 517 353 56 985 444 883 68 702 860 439 169 264 697 745 810 967 218 242 867 467 1000 12 905 126 861 1000 939
385 1 234 371 21 943 889 559 255 694 922 626 835 807 881 581 59 283 218 938 961 405 726 601 808 909 522 185 745 983 268 351 352 387 828 567 46 17 334 658 379 974 28 581 315 872 317 323 987 444 26 428 979 544 820 620 16 499 377 113 619 64 317 366 730 765 327 973 733 83 223 341 838 67 462 129 548 735 526 534 645 477 256 917 270 7 153 697 543 797 510 439 200 63 730 299 176
96 96
335 565 751 227 715 51 875 425 373 906 159 381 805 44 151 810 345 843 70 986 508 383 356 515 471 971 535 369 471 285 864 291 272 129 362 588 466 100 653 453 957 710 639 977 187 856 404 37 824 947 845 987 109 172 134 85 569 227 91 767 715 524 526 101 78 124 918 275 844 315 55 221 449 320 90 398 366 557 702 110 241 815 566 182 165 609 839 820 991 226 44 540 410 624 412 679
621 129 876 975 493 336 605 930 618 960 875 770 801 953 394 875 752 347 826 400 655 606 943 995 429 995 38 918 435 170 906 643 653 598 744 586 59 416 761 716 190 507 378 199 323 700 298 441 142 960 98 175 530 755 712 476 449 902 987 852 704 810 681 365 381 77 927 117 238 896 770 841 209 721 558 425 553 617 940 356 985 515 442 285 167 32 436 512 365 111 942 412 881 239 205 313
90 96
86 395 595 475 990 503 270 898 919 969 243 768 311 159 943 329 335 32 437 515 120 910 818 620 810 92 595 251 653 570 915 463 793 477 31 373 767 778 895 376 673 124 436 288 611 823 280 740 212 480 746 220 279 425 330 67 24 657 653 922 811 292 100 26 71 401 366 713 587 357 226 874 787 360 949 340 753 647 721 953 7 556 778 868 169 665 193 416 664 16
897 235 803 684 94 11 36 988 741 1 972 309 807 678 791 816 296 178 69 964 369 934 410 101 339 483 582 887 419 906 253 298 98 215 378 652 560 307 768 244 963 659 598 221 336 529 493 147 735 606 938 511 572 323 741 729 26 514 893 331 98 286 374 236 253 79 943 65 895 180 472 902 15 834 526 964 278 16 531 60 10 876 881 16 568 321 824 77 821 892 522 954 105 572 127 290
92 92
404 674 526 770 864 814 220 614 409 623 248 427 188 224 186 571 641 158 986 166 387 672 239 541 596 695 364 504 101 914 802 418 251 392 159 942 524 507 197 805 84 619 768 455 139 415 795 829 259 200 908 850 895 830 901 370 704 730 871 419 678 45 553 137 412 329 811 672 870 546 339 606 26 929 692 311 206 796 907 922 531 412 40 263 917 383 204 510 83 537 214 851
4 359 283 355 911 761 781 147 646 299 314 808 751 673 162 858 196 739 56 485 367 754 45 813 701 90 744 456 29 927 991 290 996 810 879 981 198 715 634 995 522 702 166 844 936 15 609 588 936 482 769 829 911 941 365 903 196 834 381 908 87 909 712 465 777 888 674 30 333 929 561 349 151 473 195 5 990 884 183 811 230 709 209 531 631 525 609 318 453 501 901 434
100 94
404 956 560 702 55 479 221 618 841 649 315 592 262 466 794 696 971 814 942 895 742 559 979 437 315 525 175 709 392 411 421 431 884 18 19 546 462 52 947 5 688 323 167 651 201 834 731 360 225 907 83 430 20 172 959 903 890 457 860 397 132 273 861 324 795 350 416 282 874 598 939 78 747 23 248 754 128 134 289 738 78 770 96 585 611 453 574 568 402 723 404 864 970 869 439 215 745 709 494 237
782 561 496 553 872 885 485 799 428 636 944 718 801 167 30 268 656 174 13 834 959 990 962 349 955 79 386 353 188 14 949 827 973 537 422 878 598 335 235 140 39 532 529 573 989 911 494 252 876 804 160 667 332 203 685 359 980 545 203 348 169 869 603 317 617 684 762 332 661 334 764 892 729 715 25 380 847 441 908 501 88 79 598 548 250 481 562 540 354 250 624 554 798 460
92 91
313 810 935 352 431 722 204 702 536 478 266 77 781 797 380 998 842 748 861 611 92 881 808 902 304 111 158 321 820 409 663 75 833 242 20 744 460 650 174 45 571 316 813 498 307 953 354 270 466 66 233 215 581 602 504 571 181 133 146 4 138 36 933 85 866 877 423 470 367 786 968 360 812 532 804 125 660 117 929 3 509 61 200 737 585 620 952 37 459 209 336 933
213 41 743 840 644 983 821 835 756 127 143 924 811 878 541 201 650 924 411 508 590 196 225 776 959 267 129 570 582 421 632 662 849 809 566 769 495 115 578 524 944 582 707 335 172 731 233 836 600 973 753 119 617 490 918 628 523 768 767 104 238 124 545 303 228 968 939 552 815 987 436 695 174 672 725 136 442 467 666 929 940 660 156 462 766 227 69 959 863 996 634
91 95
130 916 197 459 130 728 775 508 279 206 310 558 345 422 146 733 995 586 341 57 261 560 55 868 385 863 731 547 905 440 702 339 619 909 519 173 73 524 788 354 474 96 211 865 577 766 377 63 652 655 804 22 9 877 34 2 44 710 864 268 636 561 994 435 25 988 424 630 434 16 19 70 381 307 11 758 819 696 571 810 797 770 310 284 665 138 667 140 107 229 442
50 450 501 873 130 8 670 684 332 614 146 455 366 600 5 516 821 618 387 498 542 736 185 656 212 708 385 773 944 477 198 263 76 317 729 38 224 227 829 998 823 649 594 18 326 355 632 231 92 283 848 525 556 142 915 324 356 596 352 555 960 97 942 736 537 320 787 968 749 397 938 1000 661 565 805 259 134 908 433 527 990 680 985 488 249 243 227 252 81 901 49 966 944 34 523
99 91
939 91 636 802 479 179 752 870 730 324 310 842 646 569 437 71 855 733 808 361 153 507 85 120 218 534 844 552 4 619 626 832 689 266 212 274 531 158 330 406 165 412 779 100 862 21 486 928 988 231 233 230 469 949 312 347 101 620 292 733 986 846 821 71 404 171 285 116 969 806 749 38 481 608 165 762 743 821 932 708 384 791 592 14 474 903 494 237 498 232 485 584 329 525 107 682 196 324 808
554 299 157 118 380 731 364 50 267 226 330 895 559 399 152 748 890 445 433 822 240 107 388 833 61 500 124 565 65 692 483 835 230 908 242 357 354 487 556 572 273 693 152 691 384 283 202 502 491 832 730 40 669 431 315 594 811 940 596 23 56 762 380 502 788 496 834 878 877 493 532 633 974 91 541 204 477 32 109 683 25 986 93 502 132 865 94 547 231 677 302
93 90
28 306 496 572 283 678 678 157 533 198 272 983 294 232 895 16 29 705 245 224 400 801 915 573 791 924 139 593 545 230 108 96 184 231 31 980 590 709 488 64 113 715 544 24 767 784 975 185 804 759 622 630 134 113 599 210 772 247 944 639 793 984 206 159 61 362 211 64 797 844 20 265 288 374 362 25 265 97 926 985 308 280 97 306 538 363 783 197 47 953 460 260 927
536 557 14 365 118 47 444 232 977 390 782 61 12 561 204 365 359 124 845 677 176 64 872 1000 618 794 468 409 994 590 554 480 623 758 918 939 195 832 869 399 137 536 432 866 244 986 643 874 8 967 784 446 790 822 189 277 61 298 200 896 493 465 391 86 901 159 406 761 664 482 163 184 10 62 190 788 354 561 972 366 19 867 319 593 435 965 56 216 923 749
96 91
936 301 17 957 132 912 574 773 939 88 774 530 230 780 898 151 496 271 818 423 83 378 498 43 993 554 961 371 538 748 123 798 667 398 534 685 207 481 982 720 27 168 923 131 536 67 132 942 821 752 622 878 130 265 241 387 845 806 924 467 893 113 930 800 345 127 672 536 448 125 704 717 945 950 469 519 490 769 162 898 535 814 550 848 801 123 726 731 813 935 172 720 836 972 108 4
174 443 437 631 631 606 911 75 896 148 114 703 535 910 500 799 222 300 465 608 399 231 603 97 123 933 619 14 173 883 515 74 987 643 441 216 232 134 635 51 773 397 341 423 251 438 180 418 69 391 256 983 471 874 534 666 995 152 482 123 812 470 342 649 726 759 94 420 263 401 106 107 296 740 805 740 504 261 55 713 262 215 161 244 201 651 129 636 913 365 300
93 95
289 615 24 878 85 728 672 143 762 558 330 32 51 77 632 54 650 748 958 911 358 13 29 679 914 216 658 549 370 162 659 798 271 455 176 834 336 492 1 612 804 39 584 345 526 81 585 694 729 814 190 53 413 634 733 79 533 747 534 663 515 732 844 765 739 624 258 151 784 559 219 836 833 268 514 915 276 458 161 253 217 538 162 820 121 911 698 180 869 98 348 174 610
801 752 78 284 501 300 846 171 270 621 494 221 688 315 633 132 468 377 812 919 354 103 419 286 574 740 968 112 364 354 573 860 200 794 968 348 530 319 443 111 494 576 902 737 990 481 245 758 714 601 795 528 798 581 435 431 370 3 297 878 680 278 329 311 865 247 847 287 406 172 315 672 46 876 328 538 765 44 407 966 20 335 4 953 639 878 420 605 725 95 807 870 787 255 924
91 97
853 526 270 891 415 541 9 915 652 411 843 299 584 635 705 123 972 978 384 69 715 137 77 750 186 501 513 278 944 753 827 308 659 485 738 726 450 708 365 442 283 922 941 255 150 313 427 556 462 737 225 8 937 784 216 389 341 260 237 213 523 207 946 871 470 786 954 744 471 637 378 747 170 478 277 410 84 47 411 104 349 988 356 311 237 81 610 188 485 5 450
926 354 255 707 595 954 983 500 874 629 478 704 567 610 289 257 132 95 283 863 15 630 974 375 407 862 689 426 126 118 197 459 383 682 368 766 994 155 611 520 388 996 449 297 142 518 230 481 204 323 958 242 397 145 434 810 657 769 431 874 222 637 591 909 130 246 628 635 518 196 846 49 866 731 31 11 966 252 498 759 739 620 803 441 350 621 797 870 702 590 813 270 676 977 894 505 964
98 100
765 411 492 305 273 609 469 247 614 364 640 217 995 317 204 448 316 671 11 683 780 189 467 82 177 897 299 984 1 320 226 323 81 432 601 394 577 735 864 487 685 743 865 251 647 381 27 380 750 924 919 56 864 833 637 860 797 346 87 576 3 775 365 951 161 650 841 169 343 699 30 869 431 681 277 672 31 691 291 731 700 431 161 598 624 282 216 376 407 490 760 903 179 792 185 134 290 866
912 929 693 189 804 853 207 746 368 937 265 691 174 639 126 457 18 957 684 90 215 952 403 524 296 934 907 287 184 132 409 339 257 314 161 223 994 213 395 454 967 588 821 195 283 174 901 88 813 806 895 259 257 143 604 87 294 506 623 100 879 335 91 117 855 168 987 946 848 563 194 167 349 633 558 990 973 992 455 450 260 944 651 1 913 518 436 915 876 834 474 325 839 436 263 795 608 271 513 749
99 98
612 466 80 313 522 288 1000 706 464 743 629 851 615 965 980 237 117 764 172 398 912 336 56 974 839 75 203 312 406 68 707 716 598 782 56 20 173 206 248 477 151 367 399 471 464 771 888 785 815 887 907 272 104 899 871 222 326 556 872 211 317 684 185 188 565 451 86 592 483 825 534 414 73 416 736 740 992 705 377 119 311 964 186 278 418 271 568 841 471 316 310 731 167 494 910 592 842 833 861
252 679 788 427 272 419 843 189 60 374 295 433 49 150 759 50 512 497 231 379 920 511 628 719 843 666 587 924 630 928 255 289 121 231 786 797 359 655 182 512 182 550 77 753 680 409 991 689 451 452 464 161 75 340 844 115 229 788 89 582 613 375 881 739 313 321 217 972 267 251 348 129 314 112 498 972 930 761 61 51 505 80 792 363 912 551 804 371 586 836 648 133 797 838 877 353 546 985
97 97
864 86 51 725 932 123 728 462 583 228 769 298 510 704 904 872 138 351 256 58 750 263 343 845 951 812 447 347 241 902 738 428 766 798 418 746 352 973 369 8 206 765 882 674 524 984 886 976 569 415 80 506 909 843 842 867 328 391 820 64 236 201 155 830 434 996 120 467 107 845 446 223 40 27 411 203 216 380 858 947 942 460 662 515 135 423 923 197 16 384 86 888 240 79 616 520 660
829 737 721 136 126 110 827 854 459 581 195 692 636 354 100 39 900 64 402 49 934 906 71 566 774 695 765 734 854 974 610 370 408 252 739 824 38 76 404 670 987 594 982 269 880 195 421 226 298 236 203 275 770 619 274 910 950 745 612 873 732 10 305 565 478 826 26 603 577 954 385 391 235 684 439 630 535 729 193 608 566 877 780 710 155 855 121 817 167 271 302 481 61 489 678 901 868
91 98
124 200 549 858 373 711 671 48 804 607 137 781 96 227 418 732 679 893 5 742 772 79 131 226 833 922 563 309 815 757 507 337 104 229 896 403 758 141 130 804 978 355 756 313 642 845 141 264 906 405 949 663 487 749 538 28 552 337 762 338 554 358 250 274 209 232 93 283 32 354 34 690 494 456 887 878 710 813 467 757 708 10 830 307 503 656 156 821 808 774 34
282 616 309 736 257 562 471 51 31 88 488 65 825 19 532 480 782 222 891 827 292 983 385 678 548 982 239 326 428 258 348 131 357 236 29 452 618 248 792 239 842 240 573 691 510 201 200 986 543 344 38 212 799 337 654 927 536 157 521 10 723 435 606 665 652 701 175 804 664 360 927 783 965 345 509 615 185 900 928 767 648 898 109 422 797 144 90 323 352 22 286 422 787 100 650 700 366 470
90 92
529 411 112 720 774 484 492 393 144 948 197 704 746 884 976 8 843 334 222 758 774 714 366 82 339 251 585 413 920 254 746 405 190 215 658 360 572 36 402 870 770 774 688 972 390 142 978 399 31 68 375 915 643 219 889 30 503 831 250 18 368 165 597 733 609 136 154 252 175 535 75 650 302 536 789 20 601 939 98 113 414 556 757 752 161 481 295 564 146 457
167 942 335 515 72 799 811 482 531 175 43 269 568 392 572 793 111 122 101 157 915 519 909 292 959 339 649 606 473 694 713 578 312 998 313 769 558 263 204 104 446 286 152 826 168 513 539 461 546 340 805 58 504 996 4 932 342 893 555 198 462 630 602 568 514 682 41 457 954 462 656 24 100 828 283 745 383 667 817 452 565 881 166 197 698 157 566 597 470 22 818 214
97 90
784 915 619 139 279 728 315 133 213 789 104 449 975 300 302 183 133 386 777 558 66 491 29 548 362 155 627 350 380 467 924 284 763 349 719 850 829 674 180 502 605 144 961 261 389 823 523 100 483 672 421 473 936 849 452 592 861 144 792 266 410 934 647 958 622 115 659 264 366 421 864 547 419 174 477 260 758 339 965 700 411 650 672 323 296 820 361 154 933 379 155 380 503 682 394 648 205
323 149 289 953 429 491 850 370 260 687 251 235 395 203 357 469 755 919 732 291 686 541 659 481 906 320 678 910 672 28 925 441 176 48 904 316 563 722 593 282 972 41 799 880 450 422 891 281 237 908 399 680 538 803 880 328 351 937 389 696 502 150 439 892 800 969 883 84 669 213 984 732 815 676 127 524 679 230 844 975 937 743 682 788 669 53 296 32 659 454
96 95
459 663 765 485 258 790 433 797 591 251 910 931 231 944 566 714 311 680 932 607 938 342 830 976 599 216 295 73 555 92 522 645 796 846 362 221 689 778 529 417 387 951 711 822 679 188 582 885 955 512 724 332 851 661 653 486 628 323 604 465 220 148 948 847 26 187 162 620 449 344 473 551 588 409 610 57 228 157 172 363 95 535 488 537 622 816 498 831 16 735 709 620 233 455 413 252
647 486 470 842 152 51 757 497 164 32 261 146 972 74 808 147 453 143 67 941 444 420 814 38 603 859 577 53 199 363 635 934 175 402 822 769 618 42 804 962 119 452 559 569 166 296 277 225 101 661 312 941 490 917 710 642 826 25 708 297 8 583 303 714 227 332 52 953 62 234 324 671 493 689 489 188 586 147 303 771 221 952 573 804 456 184 117 528 626 52 109 350 496 563 11
96 93
44 37 601 563 481 103 383 970 129 120 2 560 169 753 126 614 993 910 701 923 533 712 335 547 556 168 476 475 117 694 887 880 359 796 165 762 811 314 138 710 72 754 809 4 260 443 851 760 489 794 952 916 735 858 118 687 283 880 480 532 797 617 612 950 387 416 57 214 306 262 730 481 856 934 105 2 148 419 317 775 433 465 146 281 23 650 966 224 620 212 195 405 38 911 821 661
426 279 49 396 267 237 120 259 212 8 876 188 653 481 378 588 111 213 283 374 786 732 30 875 344 89 465 20 321 826 954 872 396 27 448 533 903 995 520 902 205 25 961 631 314 741 538 28 685 552 722 625 625 346 921 899 809 638 2 814 473 655 58 577 919 72 938 485 850 661 83 516 452 713 335 618 839 516 345 212 444 339 725 413 949 432 48 802 862 109 330 955 56
94 91
899 32 997 286 782 939 375 796 306 403 696 522 953 568 336 118 364 301 449 922 182 741 762 928 73 842 287 194 872 400 297 772 323 261 625 684 835 77 713 944 85 133 485 656 313 597 283 824 625 787 759 951 632 808 700 949 567 474 983 253 50 300 177 426 441 430 694 557 128 180 296 179 933 504 2 457 718 645 833 90 902 810 838 435 121 160 980 140 934 895 954 19 361 358
248 232 889 961 166 725 433 637 693 243 684 120 219 173 871 33 418 310 726 124 681 510 339 848 732 274 834 759 735 943 271 818 718 1000 683 876 763 380 337 516 659 36 531 185 825 82 797 896 101 705 712 400 463 992 325 903 917 426 716 794 377 249 241 909 699 976 528 63 223 49 463 126 766 533 724 911 861 235 335 791 524 550 681 243 190 708 216 692 888 347 541
93 99
959 832 709 843 810 365 289 734 408 274 101 198 754 153 436 575 225 250 147 379 676 595 834 637 333 284 636 569 127 115 105 458 234 182 142 493 888 442 421 961 649 764 775 859 849 237 878 559 723 671 96 473 229 984 430 876 238 451 694 675 97 23 210 303 16 172 919 537 267 981 381 552 813 829 561 215 328 996 712 96 728 146 128 246 927 527 155 484 149 850 728 846 467
485 49 89 173 252 662 318 979 398 816 515 320 26 578 849 288 211 113 454 202 701 892 538 564 232 180 495 798 175 511 244 446 588 250 416 384 453 76 34 968 55 947 971 828 440 821 978 757 988 409 649 870 626 461 944 332 529 848 661 94 966 598 977 209 800 948 876 385 1000 78 516 414 644 427 281 51 349 352 422 59 90 701 939 374 985 844 282 756 533 629 271 49 499 875 908 266 402 608 712
100 92
11 111 11 111 1 111 1 11 1 111 11 11 1 1 11 111 1 1 111 1 11 11 1 11 11 11 11 1 11 111 1 11 1 111 1 1 11 111 1 111 1 111 111 11 111 111 11 11 111 111 1 11 111 111 111 11 111 11 1 11 11 1 1 111 1 11 111 111 1 111 111 1 11 111 111 1 1 11 11 1 111 11 1 111 111 11 111 1 1 1 1 11 11 1 1 111 111 111 1 11
6 6 6 6 6 6 6 6 6 6 6 6 6 6 6 6 6 6 6 6 6 6 6 6 6 6 6 6 6 6 6 6 6 6 6 6 6 6 6 6 6 6 6 6 6 6 6 6 6 6 6 6 6 6 6 6 6 6 6 6 6 6 6 6 6 6 6 6 6 6 6 6 6 6 6 6 6 6 6 6 6 6 6 6 6 6 6 6 6 6 6 6
99 97
3 3 3 3 3 3 3 3 3 3 3 3 3 3 3 3 3 3 3 3 3 3 3 3 3 3 3 3 3 3 3 3 3 3 3 3 3 3 3 3 3 3 3 3 3 3 3 3 3 3 3 3 3 3 3 3 3 3 3 3 3 3 3 3 3 3 3 3 3 3 3 3 3 3 3 3 3 3 3 3 3 3 3 3 3 3 3 3 3 3 3 3 3 3 3 3 3 3 3
111 1 11 1 111 11 111 11 11 11 111 11 11 111 11 1 11 1 11 11 11 111 1 11 1 11 1 11 1 11 1 1 11 11 11 1 1 11 11 111 1 11 1 111 11 1 1 11 11 111 111 111 111 11 1 111 1 1 11 111 1 1 111 1 111 111 111 111 1 11 111 11 111 11 111 111 111 111 1 1 11 11 1 1 1 111 1 1 1 111 1 1 11 11 1 1 1
100 97
9 9 9 9 9 9 9 9 9 9 9 9 9 9 9 9 9 9 9 9 9 9 9 9 9 9 9 9 9 9 9 9 9 9 9 9 9 9 9 9 9 9 9 9 9 9 9 9 9 9 9 9 9 9 9 9 9 9 9 9 9 9 9 9 9 9 9 9 9 9 9 9 9 9 9 9 9 9 9 9 9 9 9 9 9 9 9 9 9 9 9 9 9 9 9 9 9 9 9 9
1 111 11 111 11 1 11 11 11 111 11 11 1 11 1 1 111 111 11 111 1 11 11 1 1 1 111 1 11 1 11 111 111 11 1 1 1 11 1 111 11 111 1 11 1 11 111 1 11 1 111 111 1 1 1 1 1 111 11 111 11 11 1 11 111 1 1 11 11 11 111 111 1 1 1 111 1 111 11 1 1 11 1 11 11 1 11 111 1 1 1 1 11 11 1 111 11
100 96
5 5 5 5 5 5 5 5 5 5 5 5 5 5 5 5 5 5 5 5 5 5 5 5 5 5 5 5 5 5 5 5 5 5 5 5 5 5 5 5 5 5 5 5 5 5 5 5 5 5 5 5 5 5 5 5 5 5 5 5 5 5 5 5 5 5 5 5 5 5 5 5 5 5 5 5 5 5 5 5 5 5 5 5 5 5 5 5 5 5 5 5 5 5 5 5 5 5 5 5
11 11 111 111 111 1 11 1 1 111 1 111 111 1 111 111 1 11 1 111 111 111 1 11 1 11 111 111 11 1 1 11 111 11 1 1 1 11 11 11 111 11 1 1 1 11 1 11 11 11 111 1 1 11 1 1 11 111 111 11 1 11 1 11 11 1 111 11 1 1 11 11 11 111 111 111 11 11 11 111 111 1 11 111 111 1 1 11 111 1 111 111 1 111 111 111
98 100
8 8 8 8 8 8 8 8 8 8 8 8 8 8 8 8 8 8 8 8 8 8 8 8 8 8 8 8 8 8 8 8 8 8 8 8 8 8 8 8 8 8 8 8 8 8 8 8 8 8 8 8 8 8 8 8 8 8 8 8 8 8 8 8 8 8 8 8 8 8 8 8 8 8 8 8 8 8 8 8 8 8 8 8 8 8 8 8 8 8 8 8 8 8 8 8 8 8
1 111 111 11 11 111 111 11 111 111 11 11 11 111 11 111 1 111 111 111 11 11 11 11 11 11 11 11 11 11 1 1 111 11 111 1 1 111 11 11 11 111 11 11 1 1 111 111 11 111 111 1 1 111 11 11 1 1 11 111 111 11 11 1 1 111 11 111 111 1 11 11 1 111 111 1 1 11 111 11 111 1 1 111 1 1 111 11 11 111 111 11 11 11 111 1 11 111 111 11
98 95
100 10 1 100 1000 1 10 1 10 100 1000 10 1000 100 1000 1000 10 1 1 100 1 1 1000 100 10 1 1 1000 1 1000 1 10 1000 1000 1 1 100 100 1 1 1000 1000 1000 100 10 10 10 1 10 1 10 10 10 1000 100 100 10 1 100 1 1 1000 1 1 10 10 1000 10 10 100 1000 1000 1 100 100 100 1 10 1000 1 10 100 100 1 100 10 1 10 1000 1000 1 10 100 10 1 10 1000 1000
10 100 1 1000 100 10 1000 100 10 100 100 1 100 1000 1 1 100 1000 1 1 100 10 1000 1 10 10 1 100 1 100 1000 1 1000 100 10 1 1000 100 10 100 100 1 1000 1000 1 10 10 100 1 1000 100 1000 1 1000 1000 100 10 10 10 10 10 1 1 1 1000 100 1000 100 1000 1 10 100 10 1000 100 1000 1000 10 1000 10 1000 1 10 100 10 10 1000 100 100 1000 1 10 10 1000 1
90 95
100 100 10 10 10 100 1 1 1 1 1 1000 10 100 10 1000 1000 1 1 1000 10 1000 10 1 100 1000 1000 100 1000 1 1 100 100 10 1 1000 1 1 1000 1000 10 100 1000 1 1000 1 10 100 100 1000 100 1000 10 1000 100 1 1000 1 1000 100 100 1000 1 10 1000 1 100 1000 1000 1 100 10 100 1000 1000 1 1000 10 1 1000 100 10 1000 1 100 1000 1000 10 10 1000
1000 100 1000 1 100 100 10 1000 1000 1000 1 1000 1 1000 10 10 1 100 100 1000 100 100 10 100 1 1 10 10 10 100 100 10 1000 1 10 10 100 1 1 10 1000 100 1 100 10 1 10 100 1000 10 1000 10 1000 10 1000 10 100 1000 10 10 100 1000 10 10 100 1000 1000 1 1 100 1000 1000 100 100 1000 1 100 10 100 1 10 1000 1 1000 10 1000 100 100 10 1000 1 1 10 10 100
96 96
100 1 1000 1 1000 100 1 1000 1 1000 1000 1000 1 1 100 1000 100 10 1 100 100 100 100 1000 10 1000 1000 100 10 1 1 1000 100 100 1000 100 10 1000 1000 1000 1 1000 100 10 100 100 1000 1000 10 1000 10 10 10 10 1000 1000 1000 1000 10 100 1 100 1 1 1 1 1 1 1 1 10 1 100 1 1000 1 1 10 1000 10 10 1000 1000 10 1000 1 1000 1000 1 100 10 100 1000 1000 1 10
1000 1 1000 10 1000 1000 10 1 100 1000 100 100 100 1 1 1000 1 1 10 1 1 10 1 100 10 100 1000 10 1 100 100 1 1000 10 1 100 1 1 10 1000 100 100 1000 1 1000 100 1 1000 100 10 10 1000 1 100 10 1000 10 10 1 100 1 100 1 100 1000 100 100 100 1000 10 1 100 100 100 10 100 10 1 10 100 10 100 100 1 1 1 1 100 1000 1 100 10 10 100 10 100
95 95
1000 10 100 100 1000 10 1000 1000 1 1000 10 1000 1 1 1 1000 10 1000 1000 1000 10 1 10 1 1000 100 1000 1 100 1000 1 1000 1000 10 1 1 1000 10 100 10 1000 10 100 100 1000 100 1000 10 1 100 1000 1 1 100 1 1000 1000 1 100 10 10 1000 1 10 100 100 1 1 1 10 100 10 100 100 10 100 10 1000 100 1000 1000 1 1000 1000 100 1000 1000 1 1000 100 10 1000 10 1 1
1 100 100 100 100 10 1 1 1000 10 100 1 10 1 1000 1000 1 1 1 1 1000 1000 100 10 10 1000 10 10 10 100 10 10 1000 1000 100 10 10 1000 10 10 1000 10 1 1000 1000 1000 1 10 1000 1000 10 1000 10 100 100 1 10 10 1000 1 100 1000 10 1000 100 100 100 1 1000 100 1 100 10 1000 1000 1 1 100 1000 100 1 10 1 1000 1000 100 10 1000 1 1 1000 1 1000 100 1000
95 93
1 1000 100 1 10 1 10 100 1 10 10 1000 1000 10 10 1 1000 10 100 1000 100 1 10 10 1 1 1 1 1000 1 1 1000 10 1000 10 1 10 1000 10 100 100 10 10 1000 1000 1000 1000 10 100 1000 100 100 1000 100 100 100 1 10 100 1 1 1 10 1000 1000 1 1 1 100 1 1 1000 1 10 1 10 1 1 1000 1 100 1000 1 10 1000 1 1000 1 1 100 1 100 10 1000 10
10 1000 1 100 100 10 1000 100 1 1000 100 10 100 1 100 1000 1 1 100 1 1000 1 1 1000 1000 1000 1 10 10 10 1000 100 1000 100 1000 100 1000 1000 1000 100 1 1000 10 100 10 1000 10 1 100 1000 10 1000 1 10 100 10 1 1 10 10 10 10 1000 1000 100 1000 100 10 1000 1 1000 100 100 1 1 1 100 10 1 100 1 1000 100 10 1 1000 100 100 1000 100 100 10 10
0 0
