0 1 2 1 2 0 1 0 1 0 
4 3 3 1 0 2 1 0 0 0 
28 24 27 15 23 15 17 8 15 6 
4 12 16 5 11 2 6 4 11 1 
59 42 41 20 28 18 29 7 23 1 
2 5 10 1 2 1 0 0 4 1 
8 23 20 10 19 26 7 6 5 5 
1 8 11 4 8 4 6 6 7 3 
0 4 8 0 5 0 1 2 2 1 
0 14 18 4 7 2 9 1 6 4 
4 14 8 6 14 7 12 7 8 2 
0 1 6 0 4 1 1 3 4 0 
4 5 8 6 9 4 2 0 2 0 
1 1 1 2 2 1 1 0 1 0 
0 1 3 0 2 0 1 0 1 0 
6013 6128 6480 5023 5617 5040 5175 4151 4856 3910 
5902 5245 5853 4904 5315 4573 5139 3981 4496 3504 
6769 6212 6610 5128 5567 5446 5285 4288 4927 3832 
6876 5720 5897 4654 5480 4874 5104 4086 4818 3602 
5655 5468 5937 4894 5524 5002 4999 4024 4514 3658 
4950 5569 6267 5140 5361 4687 5152 4221 4686 3669 
5395 5635 5971 4697 5587 5042 5076 3919 4770 3677 
6439 5915 6677 5337 6039 5170 5721 4515 5392 3980 
6382 5113 5610 4211 5138 4494 4630 3521 4298 3172 
6398 5471 6373 4893 5711 5015 5387 3994 4900 3624 
6357 5418 5958 4926 5383 4682 4864 3873 4603 3431 
5680 5236 5750 4524 5023 4351 4675 3565 4426 3292 
6589 5965 6416 5056 5628 4934 5187 4003 4966 3826 
5432 5406 5718 4216 4903 4249 4716 3666 4209 3468 
7152 6284 6328 5073 5839 5352 5723 4520 5375 4088 
5977 5862 6230 4678 5190 4857 4835 3746 4539 3473 
6747 5946 7089 5454 5963 5659 5571 4490 5298 4110 
4541 5432 5579 4328 5055 4033 4743 3475 4275 3314 
5803 6109 6362 5083 5472 4772 5289 4263 4899 4022 
5653 5917 6065 4986 5211 5314 4807 3927 4677 3820 
5891 5665 5927 4735 5196 5042 4948 4059 4662 3726 
6012 5470 5789 4403 5235 4382 4623 3501 4524 3392 
6536 6090 6277 5136 5511 5683 4982 4402 4857 4013 
5516 5944 6269 4847 5632 4675 5250 3979 4873 3681 
6555 6249 6109 5269 5614 5021 5009 4336 4592 4005 
5267 5683 5734 4751 5196 4690 4841 4136 4725 3733 
6037 5951 6293 5274 5733 5614 5250 4254 4853 3953 
6715 5918 6790 5011 5830 5376 5206 4236 4976 3675 
5226 5585 5677 4363 5277 4717 4927 4013 4589 3518 
5946 6260 6455 4914 5800 5044 5446 4317 4854 3945 
5424 5520 5917 4563 5002 4678 4526 3631 4227 3472 
5726 5864 6136 4931 5576 4981 5006 4084 4752 3793 
5324 5693 6183 4973 5604 4950 5131 4222 4908 3870 
6134 5048 5553 4599 5063 5082 4750 3937 4431 3544 
5368 5545 6258 4573 5236 4476 4931 3993 4564 3495 
5864 5519 6343 4819 5708 4884 5172 3927 4857 3570 
6207 5884 6055 4707 5377 4753 4804 3858 4749 3516 
6089 6269 6382 4816 5511 4957 5195 4224 4759 3798 
6425 5952 6037 5056 5485 4884 5149 4188 4788 3753 
6578 5918 6174 5090 5750 5451 5186 4219 4949 3828 
6547 5918 5957 4810 5080 5099 4714 3978 4691 3769 
6314 5961 6164 5094 5445 4958 5068 4238 4706 3762 
6207 5939 6171 5134 5555 4869 5269 4286 4887 3957 
6188 5431 6099 4990 5474 4889 4982 4072 4683 3729 
7037 6044 6094 5008 5220 5076 4884 4058 4687 3898 
6357 5574 6207 4807 5843 5291 5321 4310 4703 3761 
5822 6138 6498 5139 5629 5110 5426 4365 5040 3856 
5743 5317 5184 3983 4669 4791 4585 3772 4164 3389 
6448 5819 6136 4895 5316 5131 4985 4033 4599 3787 
6929 5789 6134 5107 5245 5692 4838 4248 4494 3815 
5658 5299 5905 4511 5062 4447 4755 3839 4562 3607 
5268 5659 5543 4826 5147 4616 4938 4029 4472 3671 
6249 6010 6463 5110 5770 5285 5426 4227 4907 3810 
5751 5247 5565 4377 5226 4491 4804 3852 4563 3438 
6209 5418 5799 4517 5027 4622 4602 3646 4402 3425 
5865 5747 6277 4735 5654 4505 5187 3920 4799 3590 
5720 5417 5513 4171 4972 4312 4551 3525 4410 3352 
6189 5586 5770 4802 5077 4689 4776 3819 4554 3731 
6039 5497 6271 4615 5378 4623 5019 3768 4465 3569 
6317 5794 5766 4910 5175 5030 4720 3949 4520 3794 
6153 6546 6380 5277 5609 5529 5387 4627 5139 4255 
6334 6276 6805 5231 6003 5144 5608 4371 5251 3913 
7019 5610 6391 4804 5718 5055 5436 4054 5047 3732 
6084 5670 6079 4685 5403 4522 5143 3819 4699 3621 
5321 5323 5798 4490 5008 4304 4581 3545 4502 3237 
6526 5689 6052 4875 5320 4765 4863 3935 4508 3633 
5194 5981 6323 5137 5847 4811 5071 4149 4815 3832 
6083 5447 6082 4670 5280 5018 4891 3827 4525 3429 
6117 5389 5915 4578 4970 4667 5012 3949 4554 3516 
5879 5723 6614 4864 5762 4913 5221 4147 5042 3845 
0 0 0 0 0 0 18400 0 0 0 
0 0 0 18315 0 0 0 0 0 0 
0 0 0 0 0 0 0 0 0 17700 
0 0 0 0 0 19200 0 0 0 0 
0 0 0 0 0 0 0 0 20874 0 
27231 9310 0 0 0 0 0 0 0 0 
27645 8550 0 0 0 0 0 0 0 0 
27648 9216 0 0 0 0 0 0 0 0 
29165 9025 0 0 0 0 0 0 0 0 
25873 8835 0 0 0 0 0 0 0 0 
